3821
  -OEChem-11292116143D

 32 33  0     1  0  0  0  0  0999 V2000
   -1.0947   -2.3694    0.8733 Cl  0  0  0  0  0  0  0  0  0  0  0  0
    1.7758   -1.8776    1.0184 O   0  0  0  0  0  0  0  0  0  0  0  0
    0.6909   -1.4618   -1.4160 N   0  0  0  0  0  0  0  0  0  0  0  0
    0.7368   -0.2911   -0.5220 C   0  0  2  0  0  0  0  0  0  0  0  0
    1.5947    0.7771   -1.2489 C   0  0  0  0  0  0  0  0  0  0  0  0
    1.9769    1.9569   -0.3493 C   0  0  0  0  0  0  0  0  0  0  0  0
    2.7523    1.4753    0.8732 C   0  0  0  0  0  0  0  0  0  0  0  0
    1.5429   -0.7042    0.7252 C   0  0  0  0  0  0  0  0  0  0  0  0
    1.9812    0.4187    1.6475 C   0  0  0  0  0  0  0  0  0  0  0  0
   -0.6918    0.1244   -0.1500 C   0  0  0  0  0  0  0  0  0  0  0  0
   -1.5707   -0.7578    0.4790 C   0  0  0  0  0  0  0  0  0  0  0  0
   -1.1060    1.4205   -0.4574 C   0  0  0  0  0  0  0  0  0  0  0  0
   -0.0488   -1.1535   -2.6297 C   0  0  0  0  0  0  0  0  0  0  0  0
   -2.8634   -0.3439    0.8002 C   0  0  0  0  0  0  0  0  0  0  0  0
   -2.3987    1.8344   -0.1361 C   0  0  0  0  0  0  0  0  0  0  0  0
   -3.2774    0.9521    0.4925 C   0  0  0  0  0  0  0  0  0  0  0  0
    1.1031    1.1873   -2.1382 H   0  0  0  0  0  0  0  0  0  0  0  0
    2.5329    0.3250   -1.6049 H   0  0  0  0  0  0  0  0  0  0  0  0
    1.1359    2.5590   -0.0048 H   0  0  0  0  0  0  0  0  0  0  0  0
    2.6159    2.6404   -0.9222 H   0  0  0  0  0  0  0  0  0  0  0  0
    2.9817    2.3238    1.5276 H   0  0  0  0  0  0  0  0  0  0  0  0
    3.7125    1.0567    0.5456 H   0  0  0  0  0  0  0  0  0  0  0  0
    1.0919    0.8465    2.1222 H   0  0  0  0  0  0  0  0  0  0  0  0
    2.6138    0.0032    2.4393 H   0  0  0  0  0  0  0  0  0  0  0  0
    1.6357   -1.7559   -1.6629 H   0  0  0  0  0  0  0  0  0  0  0  0
   -0.5192    2.1311   -1.0222 H   0  0  0  0  0  0  0  0  0  0  0  0
   -0.1244   -2.0785   -3.2136 H   0  0  0  0  0  0  0  0  0  0  0  0
    0.4580   -0.4373   -3.2819 H   0  0  0  0  0  0  0  0  0  0  0  0
   -1.0810   -0.8328   -2.4643 H   0  0  0  0  0  0  0  0  0  0  0  0
   -3.5608   -1.0196    1.2890 H   0  0  0  0  0  0  0  0  0  0  0  0
   -2.7291    2.8366   -0.3934 H   0  0  0  0  0  0  0  0  0  0  0  0
   -4.2856    1.2730    0.7381 H   0  0  0  0  0  0  0  0  0  0  0  0
  1 11  1  0  0  0  0
  2  8  2  0  0  0  0
  3  4  1  0  0  0  0
  3 13  1  0  0  0  0
  3 25  1  0  0  0  0
  4  5  1  0  0  0  0
  4  8  1  0  0  0  0
  4 10  1  0  0  0  0
  5  6  1  0  0  0  0
  5 17  1  0  0  0  0
  5 18  1  0  0  0  0
  6  7  1  0  0  0  0
  6 19  1  0  0  0  0
  6 20  1  0  0  0  0
  7  9  1  0  0  0  0
  7 21  1  0  0  0  0
  7 22  1  0  0  0  0
  8  9  1  0  0  0  0
  9 23  1  0  0  0  0
  9 24  1  0  0  0  0
 10 11  1  0  0  0  0
 10 12  2  0  0  0  0
 11 14  2  0  0  0  0
 12 15  1  0  0  0  0
 12 26  1  0  0  0  0
 13 27  1  0  0  0  0
 13 28  1  0  0  0  0
 13 29  1  0  0  0  0
 14 16  1  0  0  0  0
 14 30  1  0  0  0  0
 15 16  2  0  0  0  0
 15 31  1  0  0  0  0
 16 32  1  0  0  0  0
M  END
> <PUBCHEM_COMPOUND_CID>
3821

> <PUBCHEM_CONFORMER_RMSD>
0.6

> <PUBCHEM_CONFORMER_DIVERSEORDER>
2
3
11
12
9
8
5
10
4
1
6
13
7

> <PUBCHEM_MMFF94_PARTIAL_CHARGES>
18
1 -0.18
10 -0.14
11 0.18
12 -0.15
13 0.27
14 -0.15
15 -0.15
16 -0.15
2 -0.57
25 0.36
26 0.15
3 -0.9
30 0.15
31 0.15
32 0.15
4 0.47
8 0.45
9 0.06

> <PUBCHEM_EFFECTIVE_ROTOR_COUNT>
3

> <PUBCHEM_PHARMACOPHORE_FEATURES>
5
1 2 acceptor
1 3 cation
1 3 donor
6 10 11 12 14 15 16 rings
6 4 5 6 7 8 9 rings

> <PUBCHEM_HEAVY_ATOM_COUNT>
16

> <PUBCHEM_ATOM_DEF_STEREO_COUNT>
0

> <PUBCHEM_ATOM_UDEF_STEREO_COUNT>
1

> <PUBCHEM_BOND_DEF_STEREO_COUNT>
0

> <PUBCHEM_BOND_UDEF_STEREO_COUNT>
0

> <PUBCHEM_ISOTOPIC_ATOM_COUNT>
0

> <PUBCHEM_COMPONENT_COUNT>
1

> <PUBCHEM_CACTVS_TAUTO_COUNT>
2

> <PUBCHEM_CONFORMER_ID>
00000EED00000002

> <PUBCHEM_MMFF94_ENERGY>
48.0121

> <PUBCHEM_FEATURE_SELFOVERLAP>
25.371

> <PUBCHEM_SHAPE_FINGERPRINT>
12251169 10 18114454643283242456
12326174 3 17844250618445228926
12382932 28 18261962971692595289
12423570 1 11736883608469052806
12696612 119 18187081745658068832
13027679 85 17109020236735557770
14787075 74 16022557106272895592
14817 1 15820434278744216215
15557651 10 17843971570288460576
15775835 57 18059004094340772392
15852999 172 18342454837864946989
16945 1 18261674882202582217
19765921 60 14907599208522059747
20361792 2 14418132885528269633
20511035 2 18342448219125119504
20559304 39 17750530498178134785
21524375 3 18201434839198117048
21947302 44 18200883868071904113
22112679 90 16475160046934613023
23419403 2 15473649488444331338
23526113 38 17768844998911480463
2748010 2 18188784855252587765
5845 1 14542576491970504014
68419 9 17913742154560708270
7364860 26 18336832991767341538
81228 2 16839646953299306942

> <PUBCHEM_SHAPE_MULTIPOLES>
320.29
4.06
2.27
1.72
1.26
0.36
-0.98
-1.88
1.57
0.17
0.11
-0.63
0.7
0.16

> <PUBCHEM_SHAPE_SELFOVERLAP>
668.351

> <PUBCHEM_SHAPE_VOLUME>
181.2

> <PUBCHEM_COORDINATE_TYPE>
2
5
10

$$$$
5360696
  -OEChem-11292116143D

 45 48  0     1  0  0  0  0  0999 V2000
   -4.0904    0.2476    0.6896 O   0  0  0  0  0  0  0  0  0  0  0  0
    2.6179   -1.5874    0.4722 N   0  0  1  0  0  0  0  0  0  0  0  0
    0.8436    0.7299    0.7392 C   0  0  1  0  0  0  0  0  0  0  0  0
    1.9994    0.6523   -0.2979 C   0  0  1  0  0  0  0  0  0  0  0  0
    2.1891   -0.8185   -0.7172 C   0  0  2  0  0  0  0  0  0  0  0  0
    1.2668   -0.1262    1.9644 C   0  0  0  0  0  0  0  0  0  0  0  0
    0.7034    2.2128    1.1809 C   0  0  0  0  0  0  0  0  0  0  0  0
    1.7963    1.6099   -1.4891 C   0  0  0  0  0  0  0  0  0  0  0  0
   -0.4488    0.1168    0.1696 C   0  0  0  0  0  0  0  0  0  0  0  0
    0.9239   -1.3379   -1.4314 C   0  0  0  0  0  0  0  0  0  0  0  0
    1.6672   -1.5603    1.5865 C   0  0  0  0  0  0  0  0  0  0  0  0
    0.4904    3.1691    0.0063 C   0  0  0  0  0  0  0  0  0  0  0  0
    1.6129    3.0500   -1.0187 C   0  0  0  0  0  0  0  0  0  0  0  0
   -0.3865   -0.8713   -0.8393 C   0  0  0  0  0  0  0  0  0  0  0  0
   -1.7131    0.4623    0.6814 C   0  0  0  0  0  0  0  0  0  0  0  0
    3.0355   -2.9513    0.1632 C   0  0  0  0  0  0  0  0  0  0  0  0
   -1.5709   -1.4389   -1.3401 C   0  0  0  0  0  0  0  0  0  0  0  0
   -2.8814   -0.1153    0.1798 C   0  0  0  0  0  0  0  0  0  0  0  0
   -2.8112   -1.0609   -0.8351 C   0  0  0  0  0  0  0  0  0  0  0  0
   -5.2441   -0.3827    0.1356 C   0  0  0  0  0  0  0  0  0  0  0  0
    2.9291    0.9800    0.1948 H   0  0  0  0  0  0  0  0  0  0  0  0
    3.0182   -0.8577   -1.4368 H   0  0  0  0  0  0  0  0  0  0  0  0
    0.4634   -0.1625    2.7114 H   0  0  0  0  0  0  0  0  0  0  0  0
    2.1258    0.3475    2.4598 H   0  0  0  0  0  0  0  0  0  0  0  0
    1.6229    2.5204    1.6989 H   0  0  0  0  0  0  0  0  0  0  0  0
   -0.0971    2.3480    1.9156 H   0  0  0  0  0  0  0  0  0  0  0  0
    0.9260    1.3280   -2.0911 H   0  0  0  0  0  0  0  0  0  0  0  0
    2.6659    1.5568   -2.1550 H   0  0  0  0  0  0  0  0  0  0  0  0
    0.9296   -2.4321   -1.4851 H   0  0  0  0  0  0  0  0  0  0  0  0
    0.9517   -0.9894   -2.4729 H   0  0  0  0  0  0  0  0  0  0  0  0
    2.1266   -2.0208    2.4704 H   0  0  0  0  0  0  0  0  0  0  0  0
    0.7747   -2.1565    1.3615 H   0  0  0  0  0  0  0  0  0  0  0  0
    0.4480    4.1990    0.3790 H   0  0  0  0  0  0  0  0  0  0  0  0
   -0.4732    2.9692   -0.4761 H   0  0  0  0  0  0  0  0  0  0  0  0
    1.3989    3.6952   -1.8783 H   0  0  0  0  0  0  0  0  0  0  0  0
    2.5500    3.4105   -0.5767 H   0  0  0  0  0  0  0  0  0  0  0  0
   -1.8092    1.1822    1.4889 H   0  0  0  0  0  0  0  0  0  0  0  0
    2.1981   -3.5996   -0.1135 H   0  0  0  0  0  0  0  0  0  0  0  0
    3.5325   -3.3999    1.0308 H   0  0  0  0  0  0  0  0  0  0  0  0
    3.7673   -2.9612   -0.6520 H   0  0  0  0  0  0  0  0  0  0  0  0
   -1.5258   -2.1869   -2.1285 H   0  0  0  0  0  0  0  0  0  0  0  0
   -3.6761   -1.5470   -1.2728 H   0  0  0  0  0  0  0  0  0  0  0  0
   -5.2379   -1.4632    0.3151 H   0  0  0  0  0  0  0  0  0  0  0  0
   -5.3656   -0.1387   -0.9252 H   0  0  0  0  0  0  0  0  0  0  0  0
   -6.1164    0.0228    0.6586 H   0  0  0  0  0  0  0  0  0  0  0  0
  1 18  1  0  0  0  0
  1 20  1  0  0  0  0
  2  5  1  0  0  0  0
  2 11  1  0  0  0  0
  2 16  1  0  0  0  0
  3  4  1  0  0  0  0
  3  6  1  0  0  0  0
  3  7  1  0  0  0  0
  3  9  1  0  0  0  0
  4  5  1  0  0  0  0
  4  8  1  0  0  0  0
  4 21  1  0  0  0  0
  5 10  1  0  0  0  0
  5 22  1  0  0  0  0
  6 11  1  0  0  0  0
  6 23  1  0  0  0  0
  6 24  1  0  0  0  0
  7 12  1  0  0  0  0
  7 25  1  0  0  0  0
  7 26  1  0  0  0  0
  8 13  1  0  0  0  0
  8 27  1  0  0  0  0
  8 28  1  0  0  0  0
  9 14  2  0  0  0  0
  9 15  1  0  0  0  0
 10 14  1  0  0  0  0
 10 29  1  0  0  0  0
 10 30  1  0  0  0  0
 11 31  1  0  0  0  0
 11 32  1  0  0  0  0
 12 13  1  0  0  0  0
 12 33  1  0  0  0  0
 12 34  1  0  0  0  0
 13 35  1  0  0  0  0
 13 36  1  0  0  0  0
 14 17  1  0  0  0  0
 15 18  2  0  0  0  0
 15 37  1  0  0  0  0
 16 38  1  0  0  0  0
 16 39  1  0  0  0  0
 16 40  1  0  0  0  0
 17 19  2  0  0  0  0
 17 41  1  0  0  0  0
 18 19  1  0  0  0  0
 19 42  1  0  0  0  0
 20 43  1  0  0  0  0
 20 44  1  0  0  0  0
 20 45  1  0  0  0  0
M  END
> <PUBCHEM_COMPOUND_CID>
5360696

> <PUBCHEM_CONFORMER_RMSD>
0.6

> <PUBCHEM_CONFORMER_DIVERSEORDER>
1
2

> <PUBCHEM_MMFF94_PARTIAL_CHARGES>
17
1 -0.36
10 0.14
11 0.27
14 -0.14
15 -0.15
16 0.27
17 -0.15
18 0.08
19 -0.15
2 -0.81
20 0.28
3 0.14
37 0.15
41 0.15
42 0.15
5 0.27
9 -0.14

> <PUBCHEM_EFFECTIVE_ROTOR_COUNT>
2.6

> <PUBCHEM_PHARMACOPHORE_FEATURES>
6
1 1 acceptor
1 2 cation
6 2 3 4 5 6 11 rings
6 3 4 5 9 10 14 rings
6 3 4 7 8 12 13 rings
6 9 14 15 17 18 19 rings

> <PUBCHEM_HEAVY_ATOM_COUNT>
20

> <PUBCHEM_ATOM_DEF_STEREO_COUNT>
3

> <PUBCHEM_ATOM_UDEF_STEREO_COUNT>
0

> <PUBCHEM_BOND_DEF_STEREO_COUNT>
0

> <PUBCHEM_BOND_UDEF_STEREO_COUNT>
0

> <PUBCHEM_ISOTOPIC_ATOM_COUNT>
0

> <PUBCHEM_COMPONENT_COUNT>
1

> <PUBCHEM_CACTVS_TAUTO_COUNT>
1

> <PUBCHEM_CONFORMER_ID>
0051CC3800000001

> <PUBCHEM_MMFF94_ENERGY>
65.3106

> <PUBCHEM_FEATURE_SELFOVERLAP>
32.062

> <PUBCHEM_SHAPE_FINGERPRINT>
10382601 240 18339076102741212184
10863032 1 17680434643290057828
10948715 1 17829336031119817636
11086676 242 18271800168924175658
11578080 2 18125982902900741360
12326174 3 17896017997013996320
12423570 1 17261073963636728704
12644460 14 18268166386527012019
13004483 165 18120362169204692954
13009979 54 17916042182366981643
13134695 92 18340754966960670925
13140716 1 17981882252803612713
13583140 156 18186799214952742643
141345 1 10332548342206789404
14713325 29 16535684889643177180
14817 1 15589414916012189136
14955137 171 18339359777215626912
16945 1 18261684769480983372
17093844 170 17188135592002756433
17349148 13 17703211972095776543
17357779 13 17840286844677869069
17980427 23 15337397230077614585
1813 80 18266746775081789446
19765921 60 17979929524410654744
19930374 2 17330561942907356860
20233049 118 17632867446399865905
20511035 2 17702937166443790127
20559304 39 18343864437436051593
20600515 1 18129104424500291014
20645476 183 18199753716326832375
21041028 32 18262513689389402548
21524375 3 17466778703311422004
22112679 90 18049462352294173432
2255824 54 18337110171687150351
23419403 2 18053351376509002800
23559900 14 18408041819138312099
25 1 18045228377686540188
2748010 2 16179635978811643801
298252 57 17912943956200319124
31174 14 18187642535601227381
404807 14 14566433773760924322
430814 3 17830165071513882268
474 4 18044939227603388461
54040823 5 18337966639774268878
6442390 28 17541962217465195587
6786 2 17319603540131427532
7364860 26 18337670918332878760
81228 2 17835811797977166840

> <PUBCHEM_SHAPE_MULTIPOLES>
400.74
5.6
3.06
1.56
9.27
1.48
-0.17
-2.06
-0.35
-3.16
0.37
-0.63
-0.08
-0.95

> <PUBCHEM_SHAPE_SELFOVERLAP>
868.303

> <PUBCHEM_SHAPE_VOLUME>
216.6

> <PUBCHEM_COORDINATE_TYPE>
2
5
10

$$$$
